[141   0   0   0   0   0   0  29  39  11   1   0]
[155   0   0   0   0   0   0  18  46  19   1   0]
[42  0  0  0  0  0  0 38 59 23  0  0]
[85  0  0  0  0  0  0 52 37 14  0  0]
[42  0  0  0  0  0  0 11 19 14  1  0]
[139   0   0   0   0   0   0  54  54  16   0   0]
[69  0  0  0  0  0  0 55 41  5  0  0]
[33  0  0  0  0  0  0 50 87 26  0  0]
[30  0  0  0  0  0  0 19 38 13  1  0]
[ 28   0   0   0   0   0   0 136  54   5   1   0]
[77  0  0  0  0  0  0  6 21 14  1  0]
[26  0  0  0  0  0  0 25 29  8  0  0]
[70  0  0  0  0  0  0 20 29 15  1  0]
[17  0  0  0  0  0  0 30 16  5  0  0]
[32  0  0  0  0  0  0 29 24  3  0  0]
[51  0  0  0  0  0  0 98 85 13  0  0]
[121   0   0   0   0   0   0  74  11   3   0   0]
[66  0  0  0  0  0  0 28 34 14  3  0]
[35  0  0  0  0  0  0 29 28  6  0  0]
[241   0   0   0   0   0   0 166  45   7   3   0]
[192   0   0   0   0   0   0  67  42  17   1   0]
[36  0  0  0  0  0  0 13 18 10  1  0]
[ 79   0   0   0   0   0   0 105  81   7   1   1]
[33  0  0  0  0  0  0 24 19 13  0  0]
[18  0  0  0  0  0  0  9  0  0  0  0]
[33  0  0  0  0  0  0  3  3  0  0  1]
[51  0  0  0  0  0  0  4  3  5  2  1]
[ 7  0  0  0  0  0  0  4 24  7  1  0]
[21  0  0  0  0  0  0  9 13  1  0  0]
[93  0  0  0  0  0  0 36 68 35  0  0]
[21  0  0  0  0  0  0 22 29  8  0  0]
[95  0  0  0  0  0  0 40 22  9  1  0]
[45  0  0  0  0  0  0 20  5 10  1  0]
[15  0  0  0  0  0  0  2 10 27  1  0]
[12  0  0  0  0  0  0 11  2  1  2  0]
[56  0  0  0  0  0  0 67 67 16  0  0]
[24  0  0  0  0  0  0 17 30 13  1  0]
[89  0  0  0  0  0  0 22 46  5  1  0]
[15  0  0  0  0  0  0  3  0  1  0  0]
[ 6  0  0  0  0  0  0 24 29 16  0  0]
[28  0  0  0  0  0  0  1  0  0  0  0]
[15  0  0  0  0  0  0 10 23  9  0  0]
[158   0   0   0   0   0   0  17  30  15   2   0]
[ 0  0  0  0  0  0  0  4 11 18  1  0]
[48  0  0  0  0  0  0 22 29  8  2  0]
[ 5  0  0  0  0  0  0 13 27  9  2  0]
[27  0  0  0  0  0  0 31 24  3  0  0]
[19  0  0  0  0  0  0 12 10  5  2  0]
[ 2  0  0  0  0  0  0 14 24 10  0  0]
[10  0  0  0  0  0  0  2  4  8  1  0]
[11  0  0  0  0  0  0  0  0  0  0  0]
[12  0  0  0  0  0  0  0  0  0  0  0]
[59  0  0  0  0  0  0 28 41 16  0  0]
[9 0 0 0 0 0 0 5 4 0 0 0]
[70  0  0  0  0  0  0 28 64 24  0  0]
[ 9  0  0  0  0  0  0 16 17  3  0  1]
[22  0  0  0  0  0  0 16 16 13  1  0]
[68  0  0  0  0  0  0 50 30  8  5  0]
[31  0  0  0  0  0  0 28 45 23  2  0]
[26  0  0  0  0  0  0  5  3  3  1  0]
[47  0  0  0  0  0  0 22 38 17  1  0]
[5 0 0 0 0 0 0 4 1 0 0 0]
[17  0  0  0  0  0  0  0  0  2  0  0]
[28  0  0  0  0  0  0 14 27 11  5  0]
[49  0  0  0  0  0  0 29 32 18  1  0]
[22  0  0  0  0  0  0 18 17  1  1  0]
[7 0 0 0 0 0 0 1 0 1 0 0]
[7 0 0 0 0 0 0 1 0 0 0 0]
[14  0  0  0  0  0  0  1  0  0  0  1]
[7 0 0 0 0 0 0 0 0 0 0 0]
[25  0  0  0  0  0  0  7  1  0  2  1]
[41  0  0  0  0  0  0 37 29 17  0  0]
[10  0  0  0  0  0  0  1  0  1  0  0]
[16  0  0  0  0  0  0 30 26  4  2  0]
[10  0  0  0  0  0  0  0  0  1  1  0]
[5 0 0 0 0 0 0 0 1 2 0 0]
[10  0  0  0  0  0  0  0  0  0  0  0]
[13  0  0  0  0  0  0 31 36 18  1  0]
[6 0 0 0 0 0 0 1 4 2 0 0]
[18  0  0  0  0  0  0 21 29  8  1  0]
[11  0  0  0  0  0  0  0  0  0  2  0]
[12  0  0  0  0  0  0 21 38 15  0  0]
[22  0  0  0  0  0  0 19  9  3  0  1]
[8 0 0 0 0 0 0 5 0 3 2 0]
[4 0 0 0 0 0 0 0 2 0 0 0]
[74  0  0  0  0  0  0 32 26 21  1  0]
[11  0  0  0  0  0  0 73 48  7  2  0]
[5 0 0 0 0 0 0 0 0 0 0 0]
[3 0 0 0 0 0 0 0 1 0 0 1]
[5 0 0 0 0 0 0 8 2 1 0 0]
[6 0 0 0 0 0 0 1 0 5 0 1]
[16  0  0  0  0  0  0 27 40 13  0  0]
[9 0 0 0 0 0 0 1 1 3 2 0]
[15  0  0  0  0  0  0 38 13  3  1  0]
[3 0 0 0 0 0 0 0 1 0 0 1]
[4 0 0 0 0 0 0 4 2 0 0 0]
[3 0 0 0 0 0 0 0 2 0 0 0]
[3 0 0 0 0 0 0 1 0 2 0 0]
[3 0 0 0 0 0 0 1 1 1 0 0]
[9 0 0 0 0 0 0 3 4 1 1 0]
[4 0 0 0 0 0 0 0 0 0 0 0]
[4 0 0 0 0 0 0 0 0 0 0 0]
[4 0 0 0 0 0 0 0 0 0 0 0]
[4 0 0 0 0 0 0 0 0 0 0 0]
[26  0  0  0  0  0  0 52  7  2  1  0]
[19  0  0  0  0  0  0  3  1  1  1  0]
[3 0 0 0 0 0 0 1 0 0 0 0]
[6 0 0 0 0 0 0 0 0 3 1 0]
[25  0  0  0  0  0  0 13 30 14  1  0]
[3 0 0 0 0 0 0 0 1 1 0 0]
[49  0  0  0  0  0  0 10  0  2  0  0]
[3 0 0 0 0 0 0 1 1 0 0 0]
[7 0 0 0 0 0 0 1 0 0 0 0]
[21  0  0  0  0  0  0 34 21 11  2  0]
[2 0 0 0 0 0 0 0 2 0 0 0]
[ 9  0  0  0  0  0  0 14 11  8  0  0]
[6 0 0 0 0 0 0 1 0 0 1 0]
[11  0  0  0  0  0  0  3  4  1  1  1]
[2 0 0 0 0 0 0 1 1 0 0 0]
[54  0  0  0  0  0  0 79 13  6  2  0]
[2 0 0 0 0 0 0 0 1 2 0 0]
[3 0 0 0 0 0 0 0 0 1 0 0]
[23  0  0  0  0  0  0  5  3  2  0  0]
[6 0 0 0 0 0 0 0 0 0 0 0]
[3 0 0 0 0 0 0 0 0 0 0 0]
[26  0  0  0  0  0  0 14 14 11  1  0]
[21  0  0  0  0  0  0  2  7  5  1  0]
[3 0 0 0 0 0 0 0 0 0 0 0]
[3 0 0 0 0 0 0 0 0 0 0 0]
[3 0 0 0 0 0 0 0 0 0 0 0]
[5 0 0 0 0 0 0 1 1 0 1 0]
[8 0 0 0 0 0 0 4 1 8 0 0]
[10  0  0  0  0  0  0  0  0  0  1  0]
[46  0  0  0  0  0  0 36 43 18  1  0]
[6 0 0 0 0 0 0 0 0 0 0 1]
[5 0 0 0 0 0 0 1 0 4 1 0]
[12  0  0  0  0  0  0  1  1  0  0  1]
[2 0 0 0 0 0 0 0 1 0 0 0]
[2 0 0 0 0 0 0 1 0 0 0 0]
[2 0 0 0 0 0 0 1 0 0 0 0]
[2 0 0 0 0 0 0 1 0 0 0 0]
[1 0 0 0 0 0 0 2 0 0 0 0]
[5 0 0 0 0 0 0 0 2 0 0 0]
[7 0 0 0 0 0 0 0 0 0 0 0]
[1 0 0 0 0 0 0 0 2 0 0 0]
[1 0 0 0 0 0 0 1 0 0 0 1]
[1 0 0 0 0 0 0 1 0 0 0 1]
[13  0  0  0  0  0  0  1  0  3  2  1]
[3 0 0 0 0 0 0 0 0 0 0 0]
[25  0  0  0  0  0  0  7 12  2  0  2]
[6 0 0 0 0 0 0 0 1 4 2 0]
[12  0  0  0  0  0  0  1  1  5  3  0]
[3 0 0 0 0 0 0 0 0 0 0 0]
[8 0 0 0 0 0 0 2 1 0 0 0]
[10  0  0  0  0  0  0  7  4  9  1  0]
[2 0 0 0 0 0 0 0 0 1 0 0]
[2 0 0 0 0 0 0 0 0 0 0 1]
[22  0  0  0  0  0  0 19 20  6  0  0]
[2 0 0 0 0 0 0 0 0 0 0 0]
[6 0 0 0 0 0 0 0 0 0 0 0]
[6 0 0 0 0 0 0 0 0 0 0 0]
[2 0 0 0 0 0 0 0 0 1 0 0]
[2 0 0 0 0 0 0 0 0 1 0 0]
[4 0 0 0 0 0 0 3 4 0 0 0]
[12  0  0  0  0  0  0  1  1  1  0  0]
[2 0 0 0 0 0 0 0 0 0 0 0]
[2 0 0 0 0 0 0 0 0 0 0 0]
[2 0 0 0 0 0 0 0 0 0 0 0]
[2 0 0 0 0 0 0 0 0 0 0 0]
[2 0 0 0 0 0 0 0 0 0 0 0]
[2 0 0 0 0 0 0 0 0 0 0 0]
[2 0 0 0 0 0 0 0 0 0 0 0]
[2 0 0 0 0 0 0 0 0 0 0 0]
[2 0 0 0 0 0 0 0 0 0 0 0]
[2 0 0 0 0 0 0 0 0 0 0 0]
[2 0 0 0 0 0 0 0 0 0 0 0]
[2 0 0 0 0 0 0 0 0 0 0 0]
[2 0 0 0 0 0 0 0 0 0 0 0]
[2 0 0 0 0 0 0 0 0 0 0 0]
[2 0 0 0 0 0 0 0 0 0 0 0]
[2 0 0 0 0 0 0 0 0 0 0 0]
[2 0 0 0 0 0 0 0 0 0 0 0]
[2 0 0 0 0 0 0 0 0 0 0 0]
[2 0 0 0 0 0 0 0 0 0 0 0]
[2 0 0 0 0 0 0 0 0 0 0 0]
[2 0 0 0 0 0 0 0 0 0 0 0]
[2 0 0 0 0 0 0 0 0 0 0 0]
[2 0 0 0 0 0 0 0 0 0 0 0]
[2 0 0 0 0 0 0 0 0 0 0 0]
[2 0 0 0 0 0 0 0 0 0 0 0]
[2 0 0 0 0 0 0 0 0 0 0 0]
[2 0 0 0 0 0 0 0 0 0 0 0]
[20  0  0  0  0  0  0 39 11  6  1  0]
[1 0 0 0 0 0 0 0 0 0 0 1]
[1 0 0 0 0 0 0 0 0 1 0 1]
[7 0 0 0 0 0 0 1 6 5 0 0]
[ 9  0  0  0  0  0  0  9 11  9  2  0]
[8 0 0 0 0 0 0 3 8 3 2 0]
[2 0 0 0 0 0 0 0 0 0 0 0]
[2 0 0 0 0 0 0 0 0 0 0 0]
[2 0 0 0 0 0 0 0 0 0 0 0]
[5 0 0 0 0 0 0 1 1 3 2 0]
[8 0 0 0 0 0 0 0 2 2 0 0]
[1 0 0 0 0 0 0 1 0 0 0 1]
[1 0 0 0 0 0 0 0 0 0 0 1]
[1 0 0 0 0 0 0 0 0 0 0 1]
[1 0 0 0 0 0 0 0 0 0 0 1]
[1 0 0 0 0 0 0 0 1 0 0 0]
[14  0  0  0  0  0  0  4 13  4  2  0]
[1 0 0 0 0 0 0 1 0 0 0 0]
[ 5  0  0  0  0  0  0 48 36  3  6  0]
[2 0 0 0 0 0 0 7 5 8 0 0]
[1 0 0 0 0 0 0 0 0 0 0 1]
[1 0 0 0 0 0 0 1 0 0 0 0]
[9 0 0 0 0 0 0 0 0 0 0 0]
[1 0 0 0 0 0 0 0 1 0 0 0]
[28  0  0  0  0  0  0 11 19 12  0  0]
[1 0 0 0 0 0 0 1 0 0 0 0]
[4 0 0 0 0 0 0 2 0 1 1 0]
[19  0  0  0  0  0  0  2  1  0  0  0]
[4 0 0 0 0 0 0 1 1 0 0 0]
[ 6  0  0  0  0  0  0 11  6  2  2  0]
[6 0 0 0 0 0 0 0 0 0 0 0]
[30  0  0  0  0  0  0 11 20 12  1  0]
[26  0  0  0  0  0  0 23 14 12  3  0]
[4 0 0 0 0 0 0 1 0 0 1 0]
[3 0 0 0 0 0 0 2 0 1 1 0]
[5 0 0 0 0 0 0 0 0 0 0 0]
[1 0 0 0 0 0 0 0 0 0 0 1]
[5 0 0 0 0 0 0 0 0 0 0 0]
[1 0 0 0 0 0 0 0 0 1 0 0]
[1 0 0 0 0 0 0 0 0 1 0 0]
[1 0 0 0 0 0 0 0 0 0 0 0]
[1 0 0 0 0 0 0 0 0 0 0 0]
[1 0 0 0 0 0 0 0 0 0 0 0]
[1 0 0 0 0 0 0 0 0 0 0 0]
[11  0  0  0  0  0  0  1  0  0  1  2]
[5 0 0 0 0 0 0 0 0 0 0 0]
[16  0  0  0  0  0  0  5 13  7  0  0]
[1 0 0 0 0 0 0 0 0 1 0 0]
[1 0 0 0 0 0 0 0 0 1 0 0]
[1 0 0 0 0 0 0 0 0 1 0 0]
[1 0 0 0 0 0 0 0 0 1 0 0]
[5 0 0 0 0 0 0 0 0 0 0 0]
[5 0 0 0 0 0 0 0 0 0 0 0]
[21  0  0  0  0  0  0  7  2  1  1  0]
[1 0 0 0 0 0 0 1 0 0 0 0]
[1 0 0 0 0 0 0 0 0 0 0 0]
[1 0 0 0 0 0 0 0 0 0 0 0]
[1 0 0 0 0 0 0 0 0 0 0 0]
[1 0 0 0 0 0 0 0 0 0 0 0]
[1 0 0 0 0 0 0 0 0 0 0 0]
[1 0 0 0 0 0 0 0 0 0 0 0]
[1 0 0 0 0 0 0 0 0 0 0 0]
[1 0 0 0 0 0 0 0 0 0 0 0]
[1 0 0 0 0 0 0 0 0 0 0 0]
[1 0 0 0 0 0 0 0 0 0 0 0]
[1 0 0 0 0 0 0 0 0 0 0 0]
[1 0 0 0 0 0 0 0 0 0 0 0]
[1 0 0 0 0 0 0 0 0 0 0 0]
[1 0 0 0 0 0 0 0 0 0 0 0]
[1 0 0 0 0 0 0 0 0 0 0 0]
[1 0 0 0 0 0 0 0 0 0 0 0]
[1 0 0 0 0 0 0 0 0 0 0 0]
[1 0 0 0 0 0 0 0 0 0 0 0]
[1 0 0 0 0 0 0 0 0 0 0 0]
[1 0 0 0 0 0 0 0 0 0 0 0]
[1 0 0 0 0 0 0 0 0 0 0 0]
[1 0 0 0 0 0 0 0 0 0 0 0]
[ 8  0  0  0  0  0  0 14 18  6  1  0]
[1 0 0 0 0 0 0 0 0 0 0 0]
[1 0 0 0 0 0 0 0 0 0 0 0]
[1 0 0 0 0 0 0 0 0 0 0 0]
[1 0 0 0 0 0 0 0 0 0 0 0]
[1 0 0 0 0 0 0 0 0 0 0 0]
[1 0 0 0 0 0 0 0 0 0 0 0]
[1 0 0 0 0 0 0 0 0 0 0 0]
[1 0 0 0 0 0 0 0 0 0 0 0]
[1 0 0 0 0 0 0 0 0 0 0 0]
[1 0 0 0 0 0 0 0 0 0 0 0]
[1 0 0 0 0 0 0 0 0 0 0 0]
[1 0 0 0 0 0 0 0 0 0 0 0]
[1 0 0 0 0 0 0 0 0 0 0 0]
[1 0 0 0 0 0 0 0 0 0 0 0]
[1 0 0 0 0 0 0 0 0 0 0 0]
[1 0 0 0 0 0 0 0 0 0 0 0]
[1 0 0 0 0 0 0 0 0 0 0 0]
[1 0 0 0 0 0 0 0 0 0 0 0]
[1 0 0 0 0 0 0 0 0 0 0 0]
[1 0 0 0 0 0 0 0 0 0 0 0]
[1 0 0 0 0 0 0 0 0 0 0 0]
[1 0 0 0 0 0 0 0 0 0 0 0]
[1 0 0 0 0 0 0 0 0 0 0 0]
[1 0 0 0 0 0 0 0 0 0 0 0]
[1 0 0 0 0 0 0 0 0 0 0 0]
[27  0  0  0  0  0  0 10 10  8  2  0]
[22  0  0  0  0  0  0  1 10  9  0  0]
[1 0 0 0 0 0 0 0 0 0 0 0]
[1 0 0 0 0 0 0 0 0 0 0 0]
[1 0 0 0 0 0 0 0 0 0 0 0]
[1 0 0 0 0 0 0 0 0 0 0 0]
[1 0 0 0 0 0 0 0 0 0 0 0]
[1 0 0 0 0 0 0 0 0 0 0 0]
[1 0 0 0 0 0 0 0 0 0 0 0]
[4 0 0 0 0 0 0 1 0 1 0 0]
[0 0 0 0 0 0 0 0 0 0 0 1]
[0 0 0 0 0 0 0 0 0 0 0 1]
[6 0 0 0 0 0 0 0 3 1 0 0]
[0 0 0 0 0 0 0 0 0 0 0 1]
[0 0 0 0 0 0 0 0 0 0 0 1]
[0 0 0 0 0 0 0 0 0 0 0 1]
[4 0 0 0 0 0 0 0 0 0 0 0]
[4 0 0 0 0 0 0 0 0 0 1 0]
[4 0 0 0 0 0 0 0 1 0 0 0]
[5 0 0 0 0 0 0 3 0 1 0 0]
[21  0  0  0  0  0  0  7  0  0  0  0]
[3 0 0 0 0 0 0 1 1 0 0 0]
[2 0 0 0 0 0 0 3 0 0 0 0]
[7 0 0 0 0 0 0 0 0 0 1 1]
[10  0  0  0  0  0  0  4 16 11  0  0]
[4 0 0 0 0 0 0 0 0 2 0 0]
[7 0 0 0 0 0 0 0 1 0 0 0]
[14  0  0  0  0  0  0  3  0  0  0  0]
[1 0 0 0 0 0 0 0 0 0 0 0]
[4 0 0 0 0 0 0 0 0 1 0 0]
[6 0 0 0 0 0 0 1 0 0 0 1]
[5 0 0 0 0 0 0 1 2 0 0 0]
[7 0 0 0 0 0 0 7 0 0 0 0]
[3 0 0 0 0 0 0 1 0 1 0 0]
[3 0 0 0 0 0 0 0 0 1 1 0]
[12  0  0  0  0  0  0  2  2  1  1  0]
[3 0 0 0 0 0 0 1 0 0 0 0]
[8 0 0 0 0 0 0 3 0 0 0 0]
[9 0 0 0 0 0 0 0 0 3 0 0]
[3 0 0 0 0 0 0 0 0 0 1 0]
[28  0  0  0  0  0  0 25 23  7  1  0]
[3 0 0 0 0 0 0 0 0 0 1 0]
[2 0 0 0 0 0 0 0 1 1 1 0]
[4 0 0 0 0 0 0 2 1 3 0 0]
[6 0 0 0 0 0 0 1 0 0 0 0]
[2 0 0 0 0 0 0 1 0 1 1 0]
[2 0 0 0 0 0 0 2 0 0 0 0]
[4 0 0 0 0 0 0 0 0 0 0 0]
[4 0 0 0 0 0 0 0 0 0 0 0]
[4 0 0 0 0 0 0 0 0 0 0 0]
[2 0 0 0 0 0 0 1 1 0 0 0]
[4 0 0 0 0 0 0 0 0 0 0 0]
[17  0  0  0  0  0  0  4  5  6  3  1]
[2 0 0 0 0 0 0 1 0 1 1 0]
[2 0 0 0 0 0 0 1 1 1 0 0]
[9 0 0 0 0 0 0 2 0 1 1 0]
[8 0 0 0 0 0 0 0 2 1 2 0]
[3 0 0 0 0 0 0 0 0 0 0 0]
[3 0 0 0 0 0 0 0 0 0 0 0]
[3 0 0 0 0 0 0 0 0 0 0 0]
[3 0 0 0 0 0 0 0 0 0 0 0]
[3 0 0 0 0 0 0 0 0 0 0 0]
[14  0  0  0  0  0  0  4  0  1  1  1]
[6 0 0 0 0 0 0 0 0 0 0 0]
[6 0 0 0 0 0 0 4 0 0 0 0]
[4 0 0 0 0 0 0 1 2 0 0 0]
[5 0 0 0 0 0 0 1 1 0 0 0]
[6 0 0 0 0 0 0 0 0 0 0 0]
[4 0 0 0 0 0 0 1 3 8 0 0]
[3 0 0 0 0 0 0 0 0 0 0 0]
[3 0 0 0 0 0 0 0 0 0 0 0]
[2 0 0 0 0 0 0 0 0 0 1 0]
[6 0 0 0 0 0 0 0 0 0 0 0]
[2 0 0 0 0 0 0 0 1 0 0 0]
[2 0 0 0 0 0 0 3 0 0 2 0]
[26  0  0  0  0  0  0  8 13 13  1  0]
[3 0 0 0 0 0 0 1 1 1 2 0]
[2 0 0 0 0 0 0 0 0 1 1 0]
[3 0 0 0 0 0 0 1 3 0 0 0]
[2 0 0 0 0 0 0 0 1 1 0 0]
[2 0 0 0 0 0 0 1 0 1 0 0]
[7 0 0 0 0 0 0 2 2 1 1 0]
[6 0 0 0 0 0 0 0 0 0 0 0]
[4 0 0 0 0 0 0 2 1 0 0 0]
[2 0 0 0 0 0 0 0 0 0 1 0]
[2 0 0 0 0 0 0 0 0 0 1 0]
[2 0 0 0 0 0 0 1 0 0 0 0]
[1 0 0 0 0 0 0 1 0 0 0 1]
[ 8  0  0  0  0  0  0  9 17  8  0  0]
[4 0 0 0 0 0 0 1 1 1 1 1]
[2 0 0 0 0 0 0 0 0 1 1 0]
[9 0 0 0 0 0 0 1 4 8 0 1]
[2 0 0 0 0 0 0 0 0 0 1 0]
[2 0 0 0 0 0 0 0 0 0 1 0]
[1 0 0 0 0 0 0 2 0 0 0 0]
[2 0 0 0 0 0 0 0 0 0 1 0]
[1 0 0 0 0 0 0 1 0 0 0 1]
[2 0 0 0 0 0 0 1 1 2 2 0]
[6 0 0 0 0 0 0 5 1 0 0 0]
[2 0 0 0 0 0 0 0 0 0 0 0]
[8 0 0 0 0 0 0 0 6 4 2 2]
[4 0 0 0 0 0 0 0 2 0 1 0]
[18  0  0  0  0  0  0  8  1  1  3  1]
[10  0  0  0  0  0  0  2  0  1  0  0]
[6 0 0 0 0 0 0 9 4 7 2 0]
[2 0 0 0 0 0 0 0 0 1 0 0]
[2 0 0 0 0 0 0 0 0 1 0 0]
[2 0 0 0 0 0 0 0 0 1 0 0]
[2 0 0 0 0 0 0 0 0 1 0 0]
[6 0 0 0 0 0 0 2 0 0 0 1]
[8 0 0 0 0 0 0 3 1 0 0 0]
[4 0 0 0 0 0 0 1 1 0 0 0]
[1 0 0 0 0 0 0 1 0 0 0 0]
[2 0 0 0 0 0 0 9 9 2 2 1]
[ 2  0  0  0  0  0  0 18 34 16  4  0]
[1 0 0 0 0 0 0 0 0 0 1 0]
[1 0 0 0 0 0 0 0 0 0 1 0]
[1 0 0 0 0 0 0 0 0 0 1 0]
[5 0 0 0 0 0 0 6 7 6 1 0]
[41  0  0  0  0  0  0 34 33 19  3  0]
[4 0 0 0 0 0 0 1 0 1 0 0]
[4 0 0 0 0 0 0 1 0 0 1 0]
[4 0 0 0 0 0 0 1 0 0 1 0]
[8 0 0 0 0 0 0 0 0 1 1 0]
[5 0 0 0 0 0 0 4 5 2 0 0]
[14  0  0  0  0  0  0  0  1  1  0  1]
[1 0 0 0 0 0 0 5 2 4 0 0]
[1 0 0 0 0 0 0 0 0 1 0 0]
[14  0  0  0  0  0  0  6 14  8  3  0]
[8 0 0 0 0 0 0 0 0 2 1 1]
[6 0 0 0 0 0 0 2 0 1 0 0]
[7 0 0 0 0 0 0 0 1 2 1 0]
[7 0 0 0 0 0 0 7 3 4 5 1]
[8 0 0 0 0 0 0 2 1 3 2 0]
[7 0 0 0 0 0 0 4 3 0 1 0]
[14  0  0  0  0  0  0  3 10  9  0  0]
[0 0 0 0 0 0 0 1 0 3 0 1]
[16  0  0  0  0  0  0  8  2  0  1  1]
[11  0  0  0  0  0  0  0  1  2  1  1]
[3 0 0 0 0 0 0 1 0 2 0 1]
[2 0 0 0 0 0 0 2 0 2 1 0]
[0 0 0 0 0 0 0 0 0 4 0 1]
[24  0  0  0  0  0  0  6  7  3  3  0]
[24  0  0  0  0  0  0  7  9  7  1  0]
[8 0 0 0 0 0 0 1 0 2 2 1]
[20  0  0  0  0  0  0  5 11  4  0  0]
[2 0 0 0 0 0 0 2 0 0 1 0]
[6 0 0 0 0 0 0 5 5 2 1 1]
[2 0 0 0 0 0 0 3 0 0 1 0]
[2 0 0 0 0 0 0 0 2 0 1 0]
[3 0 0 0 0 0 0 0 0 2 0 0]
[18  0  0  0  0  0  0 17 10  5  0  0]
[5 0 0 0 0 0 0 1 0 0 2 0]
[11  0  0  0  0  0  0  6  1  0  2  0]
[0 0 0 0 0 0 0 1 0 7 1 0]
[2 0 0 0 0 0 0 1 1 1 1 0]
[0 0 0 0 0 0 0 3 2 4 0 0]
[17  0  0  0  0  0  0  3  7  4  5  0]
[10  0  0  0  0  0  0 14 18 17  1  0]
[7 0 0 0 0 0 0 1 1 5 1 0]
[16  0  0  0  0  0  0  0  0  0  0  0]
[14  0  0  0  0  0  0  1  1  1  1  0]
[8 0 0 0 0 0 0 2 8 5 2 0]
[18  0  0  0  0  0  0  9  1  3  5  0]
[5 0 0 0 0 0 0 2 0 0 1 0]
[10  0  0  0  0  0  0  0  0  0  0  0]
[3 0 0 0 0 0 0 3 9 4 1 1]
[5 0 0 0 0 0 0 0 0 0 2 0]
[1 0 0 0 0 0 0 0 2 0 0 0]
[31  0  0  0  0  0  0 13 14  4  4  0]
[12  0  0  0  0  0  0  0  1  2  2  0]
[1 0 0 0 0 0 0 0 1 2 0 0]
[0 0 0 0 0 0 0 3 2 0 0 1]
[17  0  0  0  0  0  0  3  2  0  2  0]
[12  0  0  0  0  0  0  4  8  5  2  0]
[0 0 0 0 0 0 0 0 2 0 0 0]
[5 0 0 0 0 0 0 0 0 0 1 1]
[15  0  0  0  0  0  0  1  2  2  0  0]
[2 0 0 0 0 0 0 0 0 2 1 0]
[3 0 0 0 0 0 0 4 6 8 1 0]
[0 0 0 0 0 0 0 1 1 1 0 0]
[12  0  0  0  0  0  0  0  0  1  1  0]
[5 0 0 0 0 0 0 1 0 1 1 1]
[2 0 0 0 0 0 0 4 1 0 3 0]
[0 0 0 0 0 0 0 0 1 1 0 1]
[0 0 0 0 0 0 0 0 1 1 0 0]
[12  0  0  0  0  0  0  0  0  0  0  1]
[13  0  0  0  0  0  0  1  1  2  0  0]
[9 0 0 0 0 0 0 0 0 2 2 0]
[0 0 0 0 0 0 0 1 1 1 0 0]
[2 0 0 0 0 0 0 0 0 0 1 0]
[15  0  0  0  0  0  0  1  2  0  1  0]
[3 0 0 0 0 0 0 0 3 1 1 0]
[69  0  0  0  0  0  0 50  8  5  4  0]
[5 0 0 0 0 0 0 0 0 2 1 0]
[2 0 0 0 0 0 0 0 0 0 1 0]
[4 0 0 0 0 0 0 0 0 1 2 0]
[5 0 0 0 0 0 0 4 4 3 0 0]
[4 0 0 0 0 0 0 1 1 2 1 0]
[5 0 0 0 0 0 0 1 0 1 3 0]
[2 0 0 0 0 0 0 1 2 0 2 0]
[0 0 0 0 0 0 0 1 1 0 0 0]
[5 0 0 0 0 0 0 1 0 0 0 0]
[11  0  0  0  0  0  0  0  1  1  4  0]
[7 0 0 0 0 0 0 2 5 8 0 1]
[13  0  0  0  0  0  0  7  0  2  0  1]
[7 0 0 0 0 0 0 1 0 0 0 0]
[4 0 0 0 0 0 0 1 1 0 1 0]
[4 0 0 0 0 0 0 1 0 0 1 0]
[0 0 0 0 0 0 0 0 1 0 0 1]
[0 0 0 0 0 0 0 0 2 0 0 0]
[26  0  0  0  0  0  0 11  7  3  4  0]
[1 0 0 0 0 0 0 5 6 7 1 0]
[8 0 0 0 0 0 0 0 0 0 1 0]
[4 0 0 0 0 0 0 0 0 3 1 0]
[10  0  0  0  0  0  0  1  1  1  1  0]
[1 0 0 0 0 0 0 0 1 1 0 0]
[25  0  0  0  0  0  0 15 27 14  2  0]
[28  0  0  0  0  0  0  0  0  0  1  0]
[26  0  0  0  0  0  0 15  6  4  3  1]
[4 0 0 0 0 0 0 1 0 0 1 0]
[5 0 0 0 0 0 0 0 5 4 2 0]
[21  0  0  0  0  0  0  2  6  3  0  0]
[4 0 0 0 0 0 0 0 1 0 1 0]
[4 0 0 0 0 0 0 0 1 0 1 0]
[6 0 0 0 0 0 0 4 3 4 3 0]
[0 0 0 0 0 0 0 0 1 1 0 0]
[12  0  0  0  0  0  0  1  4 11  1  0]
[0 0 0 0 0 0 0 0 1 0 0 0]
[0 0 0 0 0 0 0 0 0 1 0 1]
[10  0  0  0  0  0  0  4  3  7  3  0]
[3 0 0 0 0 0 0 0 0 0 2 0]
[0 0 0 0 0 0 0 0 1 1 0 0]
[17  0  0  0  0  0  0 10  6  4  4  0]
[0 0 0 0 0 0 0 1 0 1 0 0]
[11  0  0  0  0  0  0  9  4  2  0  0]
[11  0  0  0  0  0  0  0  3  0  0  0]
[8 0 0 0 0 0 0 0 1 0 0 0]
[0 0 0 0 0 0 0 1 0 1 0 0]
[9 0 0 0 0 0 0 1 8 6 2 0]
[0 0 0 0 0 0 0 0 0 0 0 1]
[0 0 0 0 0 0 0 0 1 0 0 0]
[12  0  0  0  0  0  0  5  1  1  0  1]
[5 0 0 0 0 0 0 6 2 2 0 0]
[51  0  0  0  0  0  0 55 38 16  4  0]
[0 0 0 0 0 0 0 0 0 2 0 0]
[4 0 0 0 0 0 0 0 0 0 1 0]
[0 0 0 0 0 0 0 0 1 0 0 0]
[0 0 0 0 0 0 0 1 0 0 0 0]
[22  0  0  0  0  0  0 12 18 10  1  0]
[8 0 0 0 0 0 0 0 2 5 2 0]
[0 0 0 0 0 0 0 0 0 0 0 1]
[14  0  0  0  0  0  0  0  0  0  2  0]
[0 0 0 0 0 0 0 0 0 1 0 0]
[0 0 0 0 0 0 0 0 0 1 0 0]
[0 0 0 0 0 0 0 0 1 0 0 0]
[0 0 0 0 0 0 0 0 1 0 0 0]
[3 0 0 0 0 0 0 0 1 1 1 0]
[ 0  0  0  0  0  0  0  2 12 16  2  0]
[0 0 0 0 0 0 0 0 0 1 0 0]
[0 0 0 0 0 0 0 0 0 1 0 0]
[6 0 0 0 0 0 0 0 0 0 0 0]
[9 0 0 0 0 0 0 0 0 2 2 0]
[0 0 0 0 0 0 0 1 0 0 0 0]
[0 0 0 0 0 0 0 1 0 0 0 0]
[0 0 0 0 0 0 0 1 0 0 0 0]
[0 0 0 0 0 0 0 1 0 0 0 0]
[0 0 0 0 0 0 0 1 0 0 0 0]
[0 0 0 0 0 0 0 1 0 0 0 0]
[0 0 0 0 0 0 0 0 0 0 0 1]
[0 0 0 0 0 0 0 0 0 0 0 1]
[0 0 0 0 0 0 0 0 1 0 0 0]
[6 0 0 0 0 0 0 1 2 0 0 0]
[2 0 0 0 0 0 0 0 2 2 1 0]
[0 0 0 0 0 0 0 0 0 0 0 1]
[0 0 0 0 0 0 0 0 0 0 0 1]
[5 0 0 0 0 0 0 6 7 1 1 0]
[5 0 0 0 0 0 0 0 3 2 0 0]
[0 0 0 0 0 0 0 0 0 1 0 0]
[0 0 0 0 0 0 0 0 0 1 0 0]
[0 0 0 0 0 0 0 0 0 1 0 0]
[11  0  0  0  0  0  0  4  1  0  0  0]
[0 0 0 0 0 0 0 1 0 0 0 0]
[0 0 0 0 0 0 0 1 0 0 0 0]
[0 0 0 0 0 0 0 1 0 0 0 0]
[0 0 0 0 0 0 0 1 0 0 0 0]
[0 0 0 0 0 0 0 1 0 0 0 0]
[0 0 0 0 0 0 0 1 0 0 0 0]
[2 0 0 0 0 0 0 2 5 7 1 0]
[0 0 0 0 0 0 0 0 0 1 0 0]
[3 0 0 0 0 0 0 0 2 0 0 0]
[1 0 0 0 0 0 0 3 0 0 0 0]
[16  0  0  0  0  0  0 11  9  6  1  0]
[10  0  0  0  0  0  0  0  0  0  0  1]
[0 0 0 0 0 0 0 0 0 4 0 0]
[1 0 0 0 0 0 0 1 2 0 0 0]
[4 0 0 0 0 0 0 0 1 0 0 0]
[0 0 0 0 0 0 0 0 0 1 0 0]
[0 0 0 0 0 0 0 0 0 1 0 0]
[0 0 0 0 0 0 0 0 0 1 0 0]
[0 0 0 0 0 0 0 0 0 1 0 0]
[0 0 0 0 0 0 0 0 0 1 0 0]
[0 0 0 0 0 0 0 0 0 1 0 0]
[5 0 0 0 0 0 0 0 1 1 0 1]
[9 0 0 0 0 0 0 3 0 0 0 0]
[4 0 0 0 0 0 0 0 0 0 0 0]
[4 0 0 0 0 0 0 0 0 0 0 0]
[3 0 0 0 0 0 0 0 0 0 0 0]
[2 0 0 0 0 0 0 2 6 1 2 0]
[1 0 0 0 0 0 0 1 2 3 0 0]
[4 0 0 0 0 0 0 1 1 3 1 0]
[6 0 0 0 0 0 0 0 0 0 0 0]
[3 0 0 0 0 0 0 0 0 0 0 1]
[1 0 0 0 0 0 0 1 1 0 0 1]
[2 0 0 0 0 0 0 0 1 4 0 1]
[6 0 0 0 0 0 0 1 3 0 0 0]
[ 8  0  0  0  0  0  0 12  0  2  8  0]
[9 0 0 0 0 0 0 0 1 0 0 0]
[8 0 0 0 0 0 0 3 0 0 0 0]
[1 0 0 0 0 0 0 1 1 0 0 0]
[1 0 0 0 0 0 0 0 0 2 0 1]
[7 0 0 0 0 0 0 7 2 4 2 1]
[3 0 0 0 0 0 0 0 1 0 0 0]
[8 0 0 0 0 0 0 0 0 0 2 0]
[5 0 0 0 0 0 0 0 0 0 0 1]
[0 0 0 0 0 0 0 0 4 1 0 0]
[2 0 0 0 0 0 0 0 1 0 0 1]
[7 0 0 0 0 0 0 0 0 0 0 0]
[3 0 0 0 0 0 0 1 1 0 0 0]
[10  0  0  0  0  0  0  2  0  1  0  0]
[0 0 0 0 0 0 0 2 0 0 0 1]
[20  0  0  0  0  0  0 15  9 11  1  0]
[0 0 0 0 0 0 0 0 0 3 0 0]
[2 0 0 0 0 0 0 0 1 1 0 0]
[3 0 0 0 0 0 0 5 0 0 0 0]
[3 0 0 0 0 0 0 2 0 0 0 0]
[5 0 0 0 0 0 0 3 4 3 1 1]
[8 0 0 0 0 0 0 1 3 2 0 0]
[8 0 0 0 0 0 0 0 0 1 2 0]
[11  0  0  0  0  0  0  2  0  0  1  0]
[4 0 0 0 0 0 0 3 3 0 0 1]
[4 0 0 0 0 0 0 0 1 1 0 0]
[7 0 0 0 0 0 0 0 0 0 0 0]
[3 0 0 0 0 0 0 0 0 0 0 0]
[0 0 0 0 0 0 0 2 0 0 0 0]
[56  0  0  0  0  0  0 19 27 20  3  0]
[43  0  0  0  0  0  0  2  1  3  3  0]
[2 0 0 0 0 0 0 5 2 2 0 0]
[6 0 0 0 0 0 0 1 6 2 0 0]
[3 0 0 0 0 0 0 1 2 2 1 0]
[10  0  0  0  0  0  0  1  0  1  0  0]
[4 0 0 0 0 0 0 0 0 0 0 0]
[4 0 0 0 0 0 0 0 0 0 0 0]
[4 0 0 0 0 0 0 0 0 0 0 0]
[0 0 0 0 0 0 0 1 0 1 0 1]
[3 0 0 0 0 0 0 2 0 0 0 0]
[ 0  0  0  0  0  0  0  0  3 13  1  0]
[3 0 0 0 0 0 0 0 0 0 0 0]
[0 0 0 0 0 0 0 0 2 0 0 0]
[2 0 0 0 0 0 0 3 1 0 0 2]
[2 0 0 0 0 0 0 0 0 0 0 0]
[2 0 0 0 0 0 0 0 0 0 0 0]
[2 0 0 0 0 0 0 0 0 0 0 0]
[2 0 0 0 0 0 0 0 0 0 0 0]
[24  0  0  0  0  0  0  2  3  1  1  0]
[3 0 0 0 0 0 0 0 0 0 0 1]
[5 0 0 0 0 0 0 0 0 0 0 0]
[3 0 0 0 0 0 0 1 1 1 0 0]
[1 0 0 0 0 0 0 0 0 0 0 1]
[31  0  0  0  0  0  0  4  3 10  1  0]
[1 0 0 0 0 0 0 0 1 1 0 0]
[4 0 0 0 0 0 0 0 2 0 0 0]
[1 0 0 0 0 0 0 0 2 0 1 0]
[0 0 0 0 0 0 0 1 1 0 0 0]
[0 0 0 0 0 0 0 1 1 0 0 0]
[10  0  0  0  0  0  0  2  0  0  1  0]
[21  0  0  0  0  0  0 13 20  7  2  0]
[3 0 0 0 0 0 0 0 1 0 0 0]
[5 0 0 0 0 0 0 0 0 1 3 1]
[ 9  0  0  0  0  0  0 13 13 15  4  1]
[2 0 0 0 0 0 0 1 1 1 0 0]
[0 0 0 0 0 0 0 1 0 1 0 0]
[3 0 0 0 0 0 0 0 1 0 0 1]
[10  0  0  0  0  0  0  0  0  1  0  0]
[2 0 0 0 0 0 0 0 1 0 0 0]
[2 0 0 0 0 0 0 0 0 0 0 1]
[0 0 0 0 0 0 0 0 1 0 0 1]
[3 0 0 0 0 0 0 0 1 0 0 1]
[0 0 0 0 0 0 0 0 2 0 0 0]
[0 0 0 0 0 0 0 0 0 1 0 1]
[9 0 0 0 0 0 0 0 0 0 1 0]
[6 0 0 0 0 0 0 3 3 3 0 0]
[7 0 0 0 0 0 0 1 0 0 0 0]
[0 0 0 0 0 0 0 1 0 0 0 1]
[1 0 0 0 0 0 0 1 0 0 0 0]
[0 0 0 0 0 0 0 0 0 2 0 0]
[4 0 0 0 0 0 0 0 2 0 0 0]
[1 0 0 0 0 0 0 1 0 1 0 0]
[2 0 0 0 0 0 0 0 1 1 0 1]
[5 0 0 0 0 0 0 3 0 0 0 0]
[0 0 0 0 0 0 0 1 1 0 0 0]
[66  0  0  0  0  0  0  9  5 10  5  0]
[2 0 0 0 0 0 0 1 0 0 0 1]
[2 0 0 0 0 0 0 1 0 0 0 1]
[2 0 0 0 0 0 0 1 0 0 0 1]
[3 0 0 0 0 0 0 0 0 0 0 0]
[0 0 0 0 0 0 0 1 0 0 0 1]
[0 0 0 0 0 0 0 1 0 0 0 1]
[2 0 0 0 0 0 0 0 0 0 0 0]
[1 0 0 0 0 0 0 1 0 0 0 1]
[1 0 0 0 0 0 0 0 0 1 0 1]
[0 0 0 0 0 0 0 0 1 1 0 0]
[2 0 0 0 0 0 0 2 1 0 0 1]
[4 0 0 0 0 0 0 0 1 0 0 0]
[4 0 0 0 0 0 0 1 0 1 0 0]
[1 0 0 0 0 0 0 0 0 0 0 1]
[11  0  0  0  0  0  0  1  0  0  1  1]
[0 0 0 0 0 0 0 1 0 1 0 0]
[4 0 0 0 0 0 0 1 2 3 1 0]
[0 0 0 0 0 0 0 1 0 0 0 1]
[0 0 0 0 0 0 0 1 0 0 0 1]
[1 0 0 0 0 0 0 0 0 2 0 0]
[0 0 0 0 0 0 0 0 1 1 0 0]
[1 0 0 0 0 0 0 2 0 0 0 0]
[1 0 0 0 0 0 0 6 1 0 0 0]
[2 0 0 0 0 0 0 1 1 0 0 0]
[6 0 0 0 0 0 0 0 1 0 2 0]
[3 0 0 0 0 0 0 0 0 0 0 1]
[3 0 0 0 0 0 0 0 0 0 0 0]
[3 0 0 0 0 0 0 0 0 0 0 0]
[3 0 0 0 0 0 0 0 0 0 0 0]
[3 0 0 0 0 0 0 0 0 0 0 0]
[3 0 0 0 0 0 0 0 0 0 0 0]
[3 0 0 0 0 0 0 1 0 0 0 0]
[0 0 0 0 0 0 0 0 0 2 0 0]
[4 0 0 0 0 0 0 1 1 0 0 0]
[15  0  0  0  0  0  0 10  8  5  3  0]
[4 0 0 0 0 0 0 0 0 1 0 0]
[2 0 0 0 0 0 0 0 0 0 0 0]
[2 0 0 0 0 0 0 0 0 0 0 0]
[2 0 0 0 0 0 0 0 0 0 0 0]
[2 0 0 0 0 0 0 0 0 0 0 0]
[1 0 0 0 0 0 0 0 0 0 0 0]
[1 0 0 0 0 0 0 0 0 0 0 0]
[1 0 0 0 0 0 0 0 0 0 0 0]
[1 0 0 0 0 0 0 0 0 0 0 0]
[1 0 0 0 0 0 0 0 0 0 0 0]
[1 0 0 0 0 0 0 0 0 0 0 0]
[1 0 0 0 0 0 0 0 0 0 0 0]
[1 0 0 0 0 0 0 0 0 0 0 0]
[1 0 0 0 0 0 0 0 0 0 0 0]
[1 0 0 0 0 0 0 0 0 0 0 0]
[1 0 0 0 0 0 0 0 0 0 0 0]
[1 0 0 0 0 0 0 0 0 0 0 0]
[1 0 0 0 0 0 0 0 0 0 0 0]
[1 0 0 0 0 0 0 0 0 0 0 0]
[1 0 0 0 0 0 0 0 0 0 0 0]
[1 0 0 0 0 0 0 0 0 0 0 0]
[1 0 0 0 0 0 0 0 0 0 0 0]
[1 0 0 0 0 0 0 0 0 0 0 0]
[1 0 0 0 0 0 0 0 0 0 0 0]
[1 0 0 0 0 0 0 0 0 0 0 0]
[1 0 0 0 0 0 0 0 0 0 0 0]
[1 0 0 0 0 0 0 0 0 0 0 0]
[1 0 0 0 0 0 0 0 0 0 0 0]
[1 0 0 0 0 0 0 0 0 0 0 0]
[1 0 0 0 0 0 0 0 0 0 0 0]
[1 0 0 0 0 0 0 0 0 0 0 1]
[4 0 0 0 0 0 0 0 0 0 0 2]
[4 0 0 0 0 0 0 0 0 0 0 0]
[4 0 0 0 0 0 0 0 0 0 0 0]
[1 0 0 0 0 0 0 0 0 0 0 1]
[0 0 0 0 0 0 0 0 0 1 0 1]
[0 0 0 0 0 0 0 0 0 1 0 1]
[0 0 0 0 0 0 0 0 0 0 0 1]
[0 0 0 0 0 0 0 0 0 0 0 1]
[0 0 0 0 0 0 0 0 0 0 0 1]
[0 0 0 0 0 0 0 0 0 0 0 1]
[0 0 0 0 0 0 0 0 0 0 0 1]
[4 0 0 0 0 0 0 0 0 0 0 0]
[4 0 0 0 0 0 0 0 0 0 0 0]
[3 0 0 0 0 0 0 0 0 0 0 0]
[3 0 0 0 0 0 0 0 0 0 0 0]
[3 0 0 0 0 0 0 0 0 0 0 0]
[2 0 0 0 0 0 0 0 0 0 0 0]
[2 0 0 0 0 0 0 0 0 0 0 0]
[2 0 0 0 0 0 0 0 0 0 0 0]
[3 0 0 0 0 0 0 0 2 1 0 0]
[2 0 0 0 0 0 0 0 1 0 0 0]
[2 0 0 0 0 0 0 0 1 0 0 0]
[2 0 0 0 0 0 0 0 1 0 0 0]
[1 0 0 0 0 0 0 0 0 0 0 2]
[0 0 0 0 0 0 0 1 0 1 1 1]
[2 0 0 0 0 0 0 0 0 1 0 0]
[1 0 0 0 0 0 0 0 0 1 0 0]
[1 0 0 0 0 0 0 0 0 1 0 0]
[2 0 0 0 0 0 0 1 0 1 0 0]
[0 0 0 0 0 0 0 0 1 0 0 0]
[0 0 0 0 0 0 0 0 1 0 0 0]
[0 0 0 0 0 0 0 0 1 0 0 0]
[4 0 0 0 0 0 0 3 0 1 0 0]
[0 0 0 0 0 0 0 7 0 0 0 0]
[0 0 0 0 0 0 0 0 1 0 0 0]
[4 0 0 0 0 0 0 2 7 3 1 0]
[6 0 0 0 0 0 0 1 0 1 2 0]
[0 0 0 0 0 0 0 4 1 0 1 0]
[18  0  0  0  0  0  0  2  6  7  1  0]
[2 0 0 0 0 0 0 2 0 0 0 0]
[0 0 0 0 0 0 0 0 1 0 0 0]
[7 0 0 0 0 0 0 0 2 7 2 0]
[0 0 0 0 0 0 0 1 0 0 0 0]
[0 0 0 0 0 0 0 1 0 0 0 0]
[2 0 0 0 0 0 0 1 0 3 0 0]
[4 0 0 0 0 0 0 0 1 0 0 0]
[43  0  0  0  0  0  0 30  8  9  4  0]
[6 0 0 0 0 0 0 0 0 1 0 0]
[1 0 0 0 0 0 0 1 0 3 0 0]
[0 0 0 0 0 0 0 1 0 0 0 0]
[0 0 0 0 0 0 0 1 0 0 0 0]
[0 0 0 0 0 0 0 1 0 0 0 0]
[0 0 0 0 0 0 0 1 0 0 0 0]
[2 0 0 0 0 0 0 0 0 0 0 0]
[2 0 0 0 0 0 0 1 1 0 0 0]
[1 0 0 0 0 0 0 0 0 0 0 0]
[1 0 0 0 0 0 0 0 0 0 0 0]
[1 0 0 0 0 0 0 0 0 0 0 0]
[1 0 0 0 0 0 0 0 0 0 0 0]
[1 0 0 0 0 0 0 0 0 0 0 0]
[1 0 0 0 0 0 0 0 0 0 0 0]
[5 0 0 0 0 0 0 1 1 1 2 0]
[0 0 0 0 0 0 0 1 2 0 0 0]
[12  0  0  0  0  0  0  1  2 14  6  0]
[4 0 0 0 0 0 0 1 1 1 0 0]
[0 0 0 0 0 0 0 0 2 1 0 0]
[1 0 0 0 0 0 0 1 0 0 0 0]
[1 0 0 0 0 0 0 2 0 0 0 0]
[3 0 0 0 0 0 0 1 0 0 0 0]
[3 0 0 0 0 0 0 1 0 0 0 0]
[1 0 0 0 0 0 0 0 0 0 0 1]
[1 0 0 0 0 0 0 1 1 0 0 0]
[6 0 0 0 0 0 0 3 3 1 3 0]
[4 0 0 0 0 0 0 0 4 7 4 0]
[0 0 0 0 0 0 0 0 1 0 0 0]
[0 0 0 0 0 0 0 0 1 0 0 0]
[0 0 0 0 0 0 0 0 1 0 0 0]
[0 0 0 0 0 0 0 0 1 0 0 0]
[15  0  0  0  0  0  0  5  1 10  2  0]
[0 0 0 0 0 0 0 0 0 1 0 0]
[2 0 0 0 0 0 0 0 1 0 0 0]
[4 0 0 0 0 0 0 2 3 5 1 0]
[0 0 0 0 0 0 0 0 1 1 0 1]
[1 0 0 0 0 0 0 1 1 0 0 0]
[0 0 0 0 0 0 0 1 0 0 0 0]
[0 0 0 0 0 0 0 1 0 0 0 0]
[0 0 0 0 0 0 0 1 0 0 0 0]
[0 0 0 0 0 0 0 1 0 0 0 0]
[2 0 0 0 0 0 0 0 0 0 0 0]
[2 0 0 0 0 0 0 0 0 0 0 0]
[2 0 0 0 0 0 0 0 0 0 0 0]
[2 0 0 0 0 0 0 0 0 0 0 0]
[2 0 0 0 0 0 0 0 0 0 0 0]
[2 0 0 0 0 0 0 0 0 0 0 0]
[2 0 0 0 0 0 0 0 0 0 0 0]
[2 0 0 0 0 0 0 0 0 0 0 0]
[2 0 0 0 0 0 0 0 0 0 0 0]
[2 0 0 0 0 0 0 0 0 0 0 0]
[2 0 0 0 0 0 0 0 0 0 0 0]
[2 0 0 0 0 0 0 0 0 0 0 0]
[2 0 0 0 0 0 0 0 0 0 0 0]
[2 0 0 0 0 0 0 0 0 0 0 0]
[1 0 0 0 0 0 0 0 1 0 0 0]
[2 0 0 0 0 0 0 0 0 0 0 0]
[2 0 0 0 0 0 0 0 0 0 0 0]
[2 0 0 0 0 0 0 0 0 0 0 0]
[1 0 0 0 0 0 0 0 0 0 0 0]
[1 0 0 0 0 0 0 0 0 0 0 0]
[1 0 0 0 0 0 0 0 0 0 0 0]
[1 0 0 0 0 0 0 0 0 0 0 0]
[1 0 0 0 0 0 0 0 0 0 0 0]
[1 0 0 0 0 0 0 0 0 0 0 1]
[1 0 0 0 0 0 0 0 0 0 0 1]
[1 0 0 0 0 0 0 0 0 0 0 0]
[1 0 0 0 0 0 0 0 0 0 0 0]
[1 0 0 0 0 0 0 0 0 0 0 0]
[1 0 0 0 0 0 0 0 0 0 0 0]
[1 0 0 0 0 0 0 0 0 0 0 0]
[1 0 0 0 0 0 0 0 0 0 0 0]
[1 0 0 0 0 0 0 0 0 0 0 0]
[1 0 0 0 0 0 0 0 0 0 0 0]
[1 0 0 0 0 0 0 0 0 0 0 0]
[1 0 0 0 0 0 0 0 0 0 0 0]
[1 0 0 0 0 0 0 0 0 0 0 0]
[1 0 0 0 0 0 0 0 0 0 0 0]
[1 0 0 0 0 0 0 0 0 0 0 0]
[1 0 0 0 0 0 0 0 0 0 0 0]
[1 0 0 0 0 0 0 0 0 0 0 0]
[1 0 0 0 0 0 0 0 0 0 0 0]
[1 0 0 0 0 0 0 0 0 0 0 0]
[1 0 0 0 0 0 0 0 0 0 0 0]
[1 0 0 0 0 0 0 0 0 0 0 0]
[1 0 0 0 0 0 0 0 0 0 0 0]
[1 0 0 0 0 0 0 0 0 0 0 0]
[1 0 0 0 0 0 0 0 0 0 0 0]
[1 0 0 0 0 0 0 0 0 0 0 0]
[1 0 0 0 0 0 0 0 0 0 0 0]
[1 0 0 0 0 0 0 0 0 0 0 0]
[1 0 0 0 0 0 0 0 0 0 0 0]
[1 0 0 0 0 0 0 0 0 0 0 0]
[1 0 0 0 0 0 0 0 0 0 0 0]
[11  0  0  0  0  0  0  3  1  2  3  0]
[1 0 0 0 0 0 0 0 0 0 0 1]
[0 0 0 0 0 0 0 0 0 0 0 1]
[1 0 0 0 0 0 0 6 1 3 1 0]
[2 0 0 0 0 0 0 0 1 2 0 0]
[0 0 0 0 0 0 0 0 0 0 0 1]
[0 0 0 0 0 0 0 0 0 0 0 1]
[0 0 0 0 0 0 0 0 0 0 0 1]
[2 0 0 0 0 0 0 0 0 0 0 0]
[1 0 0 0 0 0 0 1 0 0 0 0]
[2 0 0 0 0 0 0 0 0 0 0 0]
[2 0 0 0 0 0 0 0 0 0 0 0]
[2 0 0 0 0 0 0 0 0 0 0 0]
[2 0 0 0 0 0 0 0 0 0 0 0]
[2 0 0 0 0 0 0 0 0 0 0 0]
[2 0 0 0 0 0 0 0 0 0 0 0]
[2 0 0 0 0 0 0 0 0 0 0 0]
[2 0 0 0 0 0 0 0 0 0 0 0]
[1 0 0 0 0 0 0 0 1 0 0 0]
[1 0 0 0 0 0 0 0 1 0 0 0]
[1 0 0 0 0 0 0 0 1 0 0 0]
[1 0 0 0 0 0 0 0 1 0 0 0]
[1 0 0 0 0 0 0 0 1 0 0 0]
[1 0 0 0 0 0 0 0 1 0 0 0]
[1 0 0 0 0 0 0 0 0 0 0 0]
[1 0 0 0 0 0 0 0 0 0 0 0]
[1 0 0 0 0 0 0 0 0 0 0 0]
[1 0 0 0 0 0 0 0 0 0 0 0]
[1 0 0 0 0 0 0 0 0 0 0 0]
[1 0 0 0 0 0 0 0 0 0 0 0]
[1 0 0 0 0 0 0 0 0 0 0 0]
[1 0 0 0 0 0 0 0 0 0 0 0]
[1 0 0 0 0 0 0 0 0 0 0 0]
[1 0 0 0 0 0 0 0 0 0 0 0]
[1 0 0 0 0 0 0 0 0 0 0 0]
[1 0 0 0 0 0 0 0 0 0 0 0]
[1 0 0 0 0 0 0 0 0 0 0 0]
[1 0 0 0 0 0 0 0 0 0 0 0]
[1 0 0 0 0 0 0 0 0 0 0 0]
[1 0 0 0 0 0 0 0 0 0 0 0]
[1 0 0 0 0 0 0 0 0 0 0 0]
[1 0 0 0 0 0 0 0 0 0 0 0]
[1 0 0 0 0 0 0 0 0 0 0 0]
[1 0 0 0 0 0 0 0 0 0 0 0]
[1 0 0 0 0 0 0 0 0 0 0 0]
[1 0 0 0 0 0 0 0 0 0 0 0]
[2 0 0 0 0 0 0 0 0 1 0 0]
[5 0 0 0 0 0 0 0 0 2 2 0]
[0 0 0 0 0 0 0 0 0 1 0 0]
[0 0 0 0 0 0 0 0 0 1 0 0]
[0 0 0 0 0 0 0 0 0 1 0 0]
[0 0 0 0 0 0 0 0 0 1 0 0]
[0 0 0 0 0 0 0 0 0 1 0 0]
[0 0 0 0 0 0 0 0 0 1 0 0]
[0 0 0 0 0 0 0 0 0 1 0 0]
[0 0 0 0 0 0 0 0 3 1 1 0]
[12  0  0  0  0  0  0  4  0  0  1  1]
[9 0 0 0 0 0 0 3 2 2 3 1]
[1 0 0 0 0 0 0 0 0 0 0 1]
[1 0 0 0 0 0 0 0 0 1 0 0]
[1 0 0 0 0 0 0 0 0 1 0 0]
[1 0 0 0 0 0 0 0 0 1 0 0]
[2 0 0 0 0 0 0 0 0 1 0 0]
[0 0 0 0 0 0 0 0 0 0 0 1]
[0 0 0 0 0 0 0 0 0 0 0 1]
[0 0 0 0 0 0 0 0 0 1 0 0]
[0 0 0 0 0 0 0 0 0 1 0 0]
[0 0 0 0 0 0 0 0 0 1 0 0]
[0 0 0 0 0 0 0 0 0 1 0 0]
[0 0 0 0 0 0 0 0 0 1 0 0]
[0 0 0 0 0 0 0 0 0 1 0 0]
[1 0 0 0 0 0 0 1 0 0 0 0]
[1 0 0 0 0 0 0 1 0 0 0 0]
[3 0 0 0 0 0 0 0 0 1 0 0]
[44  0  0  0  0  0  0 15 13 14  3  0]
[1 0 0 0 0 0 0 1 0 0 0 0]
[1 0 0 0 0 0 0 3 0 2 0 0]
[1 0 0 0 0 0 0 0 1 1 0 0]
[1 0 0 0 0 0 0 2 0 1 0 0]
[0 0 0 0 0 0 0 2 0 1 0 0]
[1 0 0 0 0 0 0 1 0 2 0 0]
[1 0 0 0 0 0 0 0 2 1 1 1]
[5 0 0 0 0 0 0 4 3 0 1 0]
[1 0 0 0 0 0 0 0 1 1 0 0]
[2 0 0 0 0 0 0 2 5 2 1 2]
[0 0 0 0 0 0 0 0 4 5 3 0]
[1 0 0 0 0 0 0 0 0 1 0 0]
[8 0 0 0 0 0 0 0 0 1 2 0]
[4 0 0 0 0 0 0 1 1 1 1 2]
[8 0 0 0 0 0 0 0 3 0 1 0]
[11  0  0  0  0  0  0  2 23 11  3  0]
[2 0 0 0 0 0 0 0 2 4 1 0]
[8 0 0 0 0 0 0 4 2 3 3 0]
[1 0 0 0 0 0 0 0 0 1 0 0]
[1 0 0 0 0 0 0 0 0 1 0 0]
[1 0 0 0 0 0 0 0 0 1 0 0]
