[  4  12  81 109  16]
[  1   6  85 127  21]
[ 3 22 54 71 13]
[  3   5  48 113  20]
[ 1  8 50 26  3]
[  1  34  75 114  40]
[ 4 18 46 84 19]
[ 6 29 70 64 28]
[ 1 13 53 30  5]
[13 35 58 86 33]
[ 1 10 54 46  9]
[ 2  7 26 49  5]
[ 7 35 50 32 12]
[ 0  7 29 29  4]
[14 24 25 17  9]
[14 39 54 87 54]
[  3  14  16  48 129]
[ 6  8 55 67 10]
[ 4 19 28 39  9]
[  8  41 126 187 101]
[  0  33  98 115  74]
[ 2  7 19 47  4]
[  1  31  74 107  62]
[ 3  4 14 60  9]
[ 0  2 13 12  1]
[ 2  2 16 18  3]
[ 0  6 36 20  5]
[ 8 17 13  4  2]
[ 0  1 18 22  4]
[  0   3  30 128  72]
[ 0  5 25 41 10]
[ 5 22 50 64 27]
[ 0  1 22 50  9]
[ 0  6 19 29  2]
[ 0 10 13  6  0]
[ 1  9 21 79 97]
[ 2 11 21 45  7]
[ 3  9 38 83 31]
[4 3 8 5 0]
[ 7 16 23 17 13]
[ 0  2  8 17  3]
[ 0  3 22 27  6]
[ 1 15 71 86 50]
[ 3 10  8 13  1]
[ 3  8 33 53 13]
[ 1 17 17 18  4]
[ 4  8 28 31 15]
[ 0  5 20 21  3]
[ 0  8  8 27  8]
[ 1  3  8 14  0]
[0 0 6 6 0]
[1 0 5 7 0]
[ 2  4 26 76 37]
[ 0  1  4 13  1]
[ 0 14 31 77 65]
[ 0  4  5 32  6]
[ 0  3 22 37  7]
[ 7 22 54 57 22]
[ 0  8 38 63 21]
[ 1  5  9 21  3]
[ 0  4 36 59 27]
[0 0 4 7 0]
[ 0  0  4 14  2]
[ 0  2 39 36  9]
[11 26 29 39 25]
[ 1  6 18 26  9]
[ 0  0  0 10  0]
[0 2 2 5 0]
[0 0 6 9 2]
[0 3 3 2 0]
[ 0  5 17 11  4]
[ 5 11 27 48 34]
[0 1 8 3 1]
[ 3 11 31 22 12]
[0 1 5 7 0]
[0 1 5 3 0]
[0 0 3 7 1]
[ 4 10 14 51 21]
[0 0 6 7 1]
[ 2  6 20 37 13]
[0 6 2 6 0]
[ 2  6 12 42 25]
[ 1  1 15 26 12]
[1 1 8 9 0]
[0 1 2 4 0]
[ 2  7 24 80 42]
[ 3 12 28 54 45]
[0 0 1 5 0]
[0 0 5 1 0]
[ 0  1  2 12  2]
[0 2 5 6 1]
[ 8 12 21 23 33]
[ 0  4  1 12  0]
[ 5  6 18 29 13]
[0 0 3 3 0]
[0 0 4 6 1]
[0 3 1 2 0]
[0 1 5 1 0]
[0 0 1 6 0]
[ 2  1  5 10  1]
[0 0 2 3 0]
[0 0 2 3 0]
[0 0 2 3 0]
[0 1 2 2 0]
[ 1  6 15 42 25]
[ 1  1  8 13  3]
[0 0 2 3 0]
[ 0  0  1 10  0]
[ 1  0 17 48 18]
[0 1 1 4 0]
[ 1  1  9 21 30]
[2 0 0 4 0]
[0 1 3 4 1]
[ 2  2 28 42 16]
[0 0 1 4 0]
[ 1  7 13 14  8]
[0 1 5 3 0]
[ 1  0  4 15  2]
[0 0 2 3 0]
[ 0  5 21 68 61]
[0 0 2 4 0]
[0 0 2 3 0]
[ 1  4 10 12  7]
[0 0 6 0 1]
[0 0 2 2 0]
[ 0  5 15 34 13]
[ 1  7  8 16  5]
[0 1 2 1 0]
[0 1 2 1 0]
[0 0 1 3 0]
[0 0 3 6 0]
[ 1  1  2 15  3]
[ 0  0  0 11  1]
[ 7 10 20 39 69]
[0 0 1 6 1]
[1 3 0 8 0]
[0 3 4 6 3]
[0 0 0 4 0]
[0 0 0 4 0]
[0 1 2 1 0]
[0 0 1 3 0]
[0 0 2 2 0]
[0 0 1 6 1]
[1 0 3 3 1]
[0 0 0 4 0]
[0 0 2 2 0]
[0 0 2 2 0]
[2 2 7 9 1]
[1 2 1 0 0]
[ 1  4 11 21 12]
[0 5 4 5 0]
[ 0  2 11  9  1]
[1 0 1 2 0]
[0 3 3 4 2]
[ 1  6 10 13  2]
[0 1 3 0 0]
[1 0 2 1 0]
[ 3  2 13 32 18]
[0 3 0 0 0]
[0 3 0 3 1]
[0 0 1 5 1]
[0 0 2 2 0]
[0 0 2 2 0]
[0 0 4 6 2]
[0 4 3 6 3]
[0 0 2 1 0]
[0 0 2 1 0]
[0 0 2 1 0]
[0 0 1 2 0]
[0 0 1 2 0]
[0 0 1 2 0]
[0 0 1 2 0]
[0 0 1 2 0]
[0 0 1 2 0]
[0 0 1 2 0]
[0 0 1 2 0]
[0 2 0 1 0]
[0 2 0 1 0]
[0 0 0 3 0]
[0 0 0 3 0]
[0 0 0 3 0]
[0 0 0 3 0]
[0 0 0 3 0]
[0 0 0 3 0]
[0 0 0 3 0]
[0 0 0 3 0]
[0 0 0 3 0]
[0 1 1 1 0]
[0 1 1 1 0]
[0 1 1 1 0]
[0 1 1 1 0]
[0 1 1 1 0]
[ 4  8 18 31 17]
[0 0 2 1 0]
[0 1 2 1 0]
[ 0  3 10  5  2]
[ 2  4 14 18  3]
[ 0  4  6 13  2]
[0 1 0 2 0]
[0 1 0 2 0]
[0 1 0 2 0]
[0 4 6 3 0]
[0 2 2 7 2]
[1 1 1 1 0]
[0 0 1 2 0]
[0 0 1 2 0]
[0 0 0 3 0]
[0 1 2 0 0]
[ 0  2 11 20  5]
[0 1 2 0 0]
[ 2  9 17 52 19]
[3 3 5 9 3]
[0 1 0 2 0]
[0 0 1 2 0]
[0 1 3 4 2]
[0 0 0 3 0]
[ 6  8 12 27 18]
[0 1 0 2 0]
[1 1 4 3 0]
[0 3 5 9 6]
[0 1 3 2 1]
[ 4  0  4 19  1]
[1 1 1 3 1]
[ 0  1 20 35 19]
[ 1 10 27 30 11]
[0 1 2 4 0]
[0 0 2 6 0]
[0 0 0 5 1]
[1 0 1 1 0]
[0 0 1 4 1]
[0 1 2 0 0]
[0 1 2 0 0]
[0 0 2 0 0]
[0 0 2 0 0]
[0 0 2 0 0]
[0 0 2 0 0]
[1 0 4 9 2]
[0 2 0 3 1]
[ 1  4  9 20  8]
[0 0 1 2 0]
[0 0 1 2 0]
[0 2 0 1 0]
[0 0 0 3 0]
[0 1 0 4 1]
[0 1 1 3 1]
[ 1  1 10 15  6]
[1 1 0 1 0]
[0 0 1 1 0]
[0 0 1 1 0]
[0 0 1 1 0]
[0 0 1 1 0]
[0 0 1 1 0]
[0 0 1 1 0]
[0 0 1 1 0]
[0 0 1 1 0]
[0 0 1 1 0]
[0 0 1 1 0]
[0 0 1 1 0]
[0 0 1 1 0]
[0 0 1 1 0]
[0 0 1 1 0]
[0 0 1 1 0]
[0 0 1 1 0]
[0 0 1 1 0]
[0 0 1 1 0]
[0 0 1 1 0]
[0 0 1 1 0]
[0 1 1 0 0]
[0 1 1 0 0]
[ 0  1  8 30  9]
[0 0 0 2 0]
[0 0 0 2 0]
[0 0 0 2 0]
[0 0 0 2 0]
[0 0 0 2 0]
[0 0 0 2 0]
[0 0 0 2 0]
[0 0 0 2 0]
[0 0 0 2 0]
[0 0 0 2 0]
[0 0 0 2 0]
[0 0 0 2 0]
[0 0 0 2 0]
[0 0 0 2 0]
[0 0 0 2 0]
[0 0 0 2 0]
[0 0 0 2 0]
[0 0 0 2 0]
[0 0 0 2 0]
[0 0 0 2 0]
[0 0 0 2 0]
[0 0 0 2 0]
[0 0 0 2 0]
[0 0 0 2 0]
[0 0 0 2 0]
[ 1  1 21 25 10]
[ 5  5  8 15 10]
[0 1 0 1 0]
[0 1 0 1 0]
[0 1 0 1 0]
[0 1 0 1 0]
[0 1 0 1 0]
[0 1 0 1 0]
[0 1 0 1 0]
[0 0 1 5 1]
[0 0 1 1 0]
[0 0 1 1 0]
[0 2 1 6 2]
[0 0 0 2 0]
[0 0 0 2 0]
[0 0 0 2 0]
[0 0 4 0 1]
[0 1 2 3 0]
[0 1 1 3 1]
[0 0 6 2 2]
[ 0  2  3 15  9]
[0 1 3 1 1]
[0 0 1 4 1]
[0 0 2 7 1]
[ 2  3  7 21  9]
[0 1 1 4 1]
[0 1 3 3 2]
[ 0  0  3 10  5]
[1 1 0 0 0]
[0 0 0 5 1]
[0 0 2 5 2]
[0 4 1 2 2]
[0 0 2 9 4]
[0 0 2 3 1]
[0 1 3 2 0]
[ 0  0  5 11  3]
[0 0 0 4 1]
[0 1 1 7 3]
[0 1 6 3 3]
[0 1 0 4 0]
[ 5  6 23 29 22]
[0 1 1 3 0]
[0 0 0 6 0]
[0 0 2 7 2]
[0 0 2 4 2]
[0 0 1 5 0]
[0 1 1 2 1]
[2 0 1 1 1]
[1 1 1 1 1]
[2 1 1 0 1]
[0 1 2 1 1]
[1 1 0 2 1]
[ 1  4 15 13  4]
[0 1 2 3 0]
[0 1 1 3 1]
[0 0 4 8 2]
[0 3 3 7 1]
[0 2 1 0 1]
[0 0 1 2 1]
[0 0 1 2 1]
[0 0 1 2 1]
[0 0 0 3 1]
[ 0  2  4 12  4]
[0 0 3 2 2]
[0 2 4 2 3]
[0 0 3 3 2]
[0 2 2 2 2]
[0 1 3 1 2]
[1 3 6 5 2]
[0 1 0 2 1]
[0 1 0 2 1]
[0 1 3 0 0]
[0 0 0 5 2]
[0 0 2 1 1]
[0 1 1 6 0]
[ 1 11 18 19 13]
[0 3 2 4 0]
[0 0 2 3 0]
[0 0 2 4 2]
[0 0 1 3 1]
[0 0 1 3 1]
[0 0 5 7 2]
[0 1 1 3 2]
[0 1 0 5 2]
[0 0 1 3 0]
[0 0 1 3 0]
[0 1 1 1 1]
[0 0 2 1 1]
[ 2  1 10 18 12]
[0 0 2 7 1]
[0 1 1 3 0]
[ 1  1 11  7  4]
[0 1 1 2 0]
[0 1 1 2 0]
[0 0 1 2 1]
[0 1 0 3 0]
[0 0 0 3 1]
[0 0 2 7 0]
[0 0 6 3 4]
[0 0 2 0 1]
[ 0  0  7 13  3]
[0 0 2 5 1]
[ 1  0 14 13  5]
[0 1 4 5 4]
[ 0  2  9 16  2]
[0 0 1 2 1]
[0 0 0 3 1]
[0 0 0 3 1]
[0 0 0 3 1]
[0 0 3 4 3]
[0 3 4 2 4]
[0 1 2 2 2]
[0 0 2 0 1]
[3 8 6 6 3]
[ 1 10 23 23 18]
[0 0 2 1 0]
[0 0 2 1 0]
[0 0 1 2 0]
[ 1  5  6 11  3]
[ 2  7 29 59 34]
[0 1 2 2 2]
[0 0 1 5 1]
[0 2 2 2 1]
[0 0 1 8 2]
[1 4 5 4 3]
[ 0  0  3  2 13]
[1 3 2 5 2]
[0 0 1 1 1]
[ 2  3 16 20  5]
[1 1 3 6 2]
[0 1 2 4 3]
[0 1 0 9 2]
[ 0  4  7 15  2]
[ 0  1  1 13  2]
[4 1 4 4 3]
[ 0  0  6 21 10]
[1 0 3 2 0]
[ 0  0  8 13  8]
[2 2 5 5 3]
[2 0 2 2 2]
[0 0 4 3 1]
[1 1 2 2 0]
[ 0  3 10 23  8]
[ 1  4 10 22 12]
[0 0 6 7 2]
[ 0  2  3 19 17]
[0 0 3 2 1]
[ 1  5  2 11  2]
[1 1 1 3 1]
[0 0 1 4 1]
[0 2 1 1 2]
[ 1  4 12 16 18]
[0 1 2 5 1]
[ 0  2  5 10  4]
[2 3 0 5 0]
[0 1 2 3 1]
[1 3 2 2 2]
[ 0  0 12 20  5]
[ 1  6  9 28 17]
[ 0  1  2 10  3]
[0 2 5 2 8]
[ 0  0  2 12  5]
[ 1  3  8 12  2]
[ 3  3 18  8  5]
[0 1 2 4 2]
[0 0 1 2 8]
[ 2  1  2 14  3]
[0 2 2 3 1]
[1 0 3 0 0]
[ 2  5 16 31 13]
[1 3 7 4 3]
[2 1 0 2 0]
[1 0 0 5 1]
[0 7 6 6 6]
[ 1  0  5 20  6]
[0 0 3 0 0]
[0 0 3 3 2]
[ 0  0  3  6 12]
[0 0 2 3 1]
[1 4 9 5 4]
[0 1 1 2 0]
[0 1 2 8 4]
[2 3 3 0 2]
[0 0 4 6 1]
[0 1 1 2 0]
[3 0 0 0 0]
[0 1 0 6 7]
[ 1  0  0  7 10]
[1 2 3 6 2]
[0 0 1 3 0]
[0 0 2 1 1]
[0 3 4 7 6]
[0 0 2 5 2]
[ 5  9 24 48 51]
[0 0 1 6 2]
[0 0 0 3 1]
[0 0 1 6 1]
[0 0 6 7 4]
[0 2 1 5 2]
[0 1 4 5 1]
[0 1 2 4 1]
[0 0 2 1 0]
[0 0 0 0 7]
[2 1 8 5 2]
[ 0  1  5 12  6]
[ 0  1  3  8 12]
[0 1 0 1 7]
[0 2 1 3 2]
[0 0 4 1 2]
[0 1 1 1 0]
[0 0 1 2 0]
[ 0  5 19 17 11]
[0 2 7 8 4]
[0 1 2 4 3]
[0 0 1 6 2]
[0 1 3 7 4]
[0 1 0 3 0]
[ 2  6 17 36 23]
[ 4  1  4 11 10]
[ 0  1  8 33 14]
[0 0 2 3 2]
[ 0  0  3 11  3]
[ 3  2  8  9 11]
[0 0 1 4 2]
[0 0 1 4 2]
[ 1  3 11  5  1]
[0 0 1 2 0]
[ 0  1  7 14  8]
[0 2 0 0 0]
[1 0 1 1 0]
[ 1  6  6 11  4]
[0 0 3 2 1]
[0 0 0 3 0]
[ 1  4 13 17  7]
[0 0 1 2 0]
[ 1  1 11  4 10]
[0 0 2 7 6]
[0 0 1 3 6]
[0 0 0 3 0]
[ 1  3  8 12  3]
[0 2 0 0 0]
[0 1 1 0 0]
[1 0 3 8 9]
[1 2 4 5 4]
[ 6 12 19 69 59]
[0 0 0 3 0]
[0 0 2 2 2]
[1 0 1 0 0]
[0 1 1 0 0]
[ 1  2  6 34 21]
[2 2 6 5 3]
[0 1 1 0 0]
[ 0  0  0  2 15]
[0 0 2 0 0]
[0 0 2 0 0]
[0 0 1 1 0]
[0 0 1 1 0]
[0 0 3 2 2]
[ 0  0  3 21  9]
[0 1 1 0 0]
[0 1 1 0 0]
[0 1 1 0 5]
[0 0 2 9 3]
[0 0 1 1 0]
[0 0 1 1 0]
[0 0 1 1 0]
[0 0 1 1 0]
[0 0 1 1 0]
[0 0 1 1 0]
[0 1 0 1 0]
[0 1 0 1 0]
[0 0 0 2 0]
[0 0 2 2 6]
[0 1 4 3 0]
[1 0 0 1 0]
[1 0 0 1 0]
[ 0  2  5 10  4]
[1 0 0 3 7]
[0 1 0 1 0]
[0 1 0 1 0]
[0 1 0 1 0]
[0 0 4 7 6]
[0 0 0 2 0]
[0 0 0 2 0]
[0 0 0 2 0]
[0 0 0 2 0]
[0 0 0 2 0]
[0 0 0 2 0]
[ 0  1  4 10  3]
[0 0 1 1 0]
[0 0 1 0 5]
[0 1 1 2 1]
[ 0  0  2 25 17]
[1 0 3 4 4]
[0 0 1 3 1]
[0 0 1 3 1]
[1 0 0 1 4]
[0 0 0 2 0]
[0 0 0 2 0]
[0 0 0 2 0]
[0 0 0 2 0]
[0 0 0 2 0]
[0 0 0 2 0]
[0 1 0 2 6]
[0 1 1 6 5]
[0 1 0 0 4]
[0 0 0 1 4]
[0 0 0 0 4]
[1 4 2 6 1]
[0 1 1 4 2]
[0 0 3 5 3]
[0 0 1 2 4]
[0 0 0 1 4]
[0 0 1 3 1]
[1 0 2 4 2]
[0 1 1 4 5]
[ 0  1  5 21  4]
[0 0 4 3 4]
[0 1 2 4 5]
[0 1 2 0 1]
[0 2 0 2 1]
[5 2 7 7 3]
[0 0 0 1 4]
[0 0 2 6 3]
[0 1 1 1 4]
[0 0 1 3 2]
[0 0 0 1 4]
[0 0 0 5 3]
[0 2 0 0 4]
[0 1 2 5 6]
[0 0 0 3 1]
[ 4  4 11 21 17]
[0 0 2 1 1]
[1 0 2 1 1]
[0 0 0 5 4]
[0 0 0 2 4]
[1 0 7 7 3]
[0 2 4 2 7]
[0 2 2 5 3]
[ 0  0  1  4 10]
[0 0 2 5 5]
[0 0 1 1 5]
[0 0 1 4 3]
[2 0 0 0 2]
[0 1 1 0 1]
[ 3 13 21 45 44]
[ 2  2 11 22 16]
[0 1 3 4 4]
[0 1 2 8 5]
[0 0 6 3 1]
[0 2 2 4 5]
[0 0 0 2 3]
[0 0 0 2 3]
[0 0 0 2 3]
[0 0 0 3 1]
[0 0 1 1 4]
[1 3 5 4 5]
[0 1 0 0 3]
[0 0 1 1 1]
[0 2 2 2 3]
[0 0 0 0 3]
[0 0 0 0 3]
[0 0 0 0 3]
[0 0 0 0 3]
[ 0  3  7  9 13]
[0 0 0 2 3]
[0 0 1 2 3]
[0 1 0 1 5]
[0 0 0 0 3]
[ 0  2 10 18 20]
[0 1 1 1 1]
[1 0 1 2 3]
[0 0 4 1 0]
[0 1 0 1 1]
[0 1 0 1 1]
[1 1 0 3 9]
[ 2  5 14 25 18]
[0 0 0 2 3]
[0 0 1 8 2]
[ 2  6 20 17 11]
[0 0 1 0 5]
[0 0 2 0 1]
[0 0 0 3 3]
[0 1 2 5 4]
[0 0 0 1 3]
[0 0 1 0 3]
[0 0 1 1 1]
[0 1 0 2 3]
[0 0 0 0 3]
[0 1 1 0 1]
[0 0 0 3 8]
[0 1 3 4 8]
[0 0 2 4 3]
[0 1 0 1 1]
[0 0 0 0 3]
[0 1 1 0 1]
[0 0 1 3 3]
[1 0 1 1 1]
[0 0 4 0 2]
[0 1 0 5 3]
[0 0 0 2 1]
[ 1 11 24 32 28]
[0 0 0 2 3]
[0 0 0 2 3]
[0 0 0 2 3]
[1 0 0 1 2]
[0 0 1 1 1]
[0 0 1 1 1]
[1 0 0 0 2]
[0 0 0 1 3]
[1 0 1 1 1]
[0 0 1 1 1]
[1 0 0 3 3]
[1 0 0 3 2]
[0 0 0 3 4]
[1 0 0 0 2]
[0 1 1 4 9]
[0 0 1 1 1]
[0 5 3 2 2]
[0 0 0 2 1]
[0 0 0 2 1]
[0 0 1 2 1]
[0 0 0 2 1]
[0 0 1 0 3]
[1 1 2 1 4]
[0 0 1 1 3]
[0 0 1 6 3]
[0 0 0 3 2]
[0 0 0 2 2]
[0 0 0 2 2]
[0 0 0 2 2]
[0 0 0 2 2]
[0 0 0 2 2]
[1 0 0 2 2]
[0 0 1 1 1]
[0 0 2 2 3]
[15  0  8  0 19]
[1 0 1 1 3]
[0 0 0 1 2]
[0 0 0 1 2]
[0 0 0 1 2]
[0 0 0 1 2]
[0 0 0 0 2]
[0 0 0 0 2]
[0 0 0 0 2]
[0 0 0 0 2]
[0 0 0 0 2]
[0 0 0 0 2]
[0 0 0 0 2]
[0 0 0 0 2]
[0 0 0 0 2]
[0 0 0 0 2]
[0 0 0 0 2]
[0 0 0 0 2]
[0 0 0 0 2]
[0 0 0 0 2]
[0 0 0 0 2]
[0 0 0 0 2]
[0 0 0 0 2]
[0 0 0 0 2]
[0 0 0 0 2]
[0 0 0 0 2]
[0 0 0 0 2]
[0 0 0 0 2]
[0 0 0 0 2]
[0 0 0 0 2]
[0 0 0 0 2]
[0 1 0 0 2]
[0 1 1 3 2]
[0 1 1 1 2]
[0 1 1 1 2]
[0 0 0 1 2]
[0 0 0 2 1]
[0 0 0 2 1]
[0 0 0 0 2]
[0 0 0 0 2]
[0 0 0 0 2]
[0 0 0 0 2]
[0 0 0 0 2]
[0 0 2 1 2]
[0 0 2 1 2]
[0 0 1 1 2]
[0 0 1 1 2]
[0 0 1 1 2]
[0 0 1 0 2]
[0 0 1 0 2]
[0 0 1 0 2]
[1 2 1 0 3]
[0 0 0 2 2]
[0 0 0 2 2]
[0 0 0 2 2]
[0 0 1 1 2]
[0 0 0 5 0]
[0 0 0 1 3]
[0 0 0 0 3]
[0 0 0 0 3]
[1 0 0 1 3]
[0 0 0 0 2]
[0 0 0 0 2]
[0 0 0 0 2]
[0 2 2 1 4]
[0 0 1 3 4]
[0 0 1 0 1]
[ 0  0  3 11  4]
[0 1 1 6 3]
[0 1 1 4 1]
[ 0  0  3 18 14]
[0 2 0 1 2]
[1 0 0 0 1]
[ 0  0  1 13  5]
[0 1 0 0 1]
[0 1 0 0 1]
[0 0 1 1 5]
[0 1 2 1 2]
[ 1  2 18 34 40]
[0 1 2 2 3]
[1 1 0 2 2]
[0 0 1 0 1]
[0 0 1 0 1]
[0 0 1 0 1]
[0 0 1 0 1]
[1 0 0 1 1]
[0 0 0 3 2]
[1 0 0 0 1]
[1 0 0 0 1]
[1 0 0 0 1]
[1 0 0 0 1]
[1 0 0 0 1]
[1 0 0 0 1]
[0 0 2 6 3]
[0 1 0 1 2]
[ 0  2 11 17  6]
[0 0 0 5 3]
[1 1 0 0 2]
[0 0 1 0 2]
[0 0 0 2 2]
[0 0 2 1 2]
[0 0 2 1 2]
[1 0 0 1 1]
[0 0 0 2 2]
[3 7 4 1 2]
[ 2  1  6 10  1]
[0 0 0 1 1]
[0 0 0 1 1]
[0 0 0 1 1]
[0 0 0 1 1]
[3 8 5 9 9]
[0 1 0 0 1]
[1 1 0 1 1]
[1 3 3 6 3]
[0 1 1 0 2]
[0 0 1 1 2]
[0 0 0 1 1]
[0 0 0 1 1]
[0 0 0 1 1]
[0 0 0 1 1]
[0 0 0 2 1]
[0 0 0 2 1]
[0 0 0 2 1]
[0 0 0 2 1]
[0 0 0 2 1]
[0 0 0 2 1]
[0 0 0 2 1]
[0 0 0 2 1]
[0 0 0 2 1]
[0 0 0 2 1]
[0 0 0 2 1]
[0 0 0 2 1]
[0 0 0 2 1]
[0 0 0 2 1]
[1 0 1 0 1]
[0 1 0 1 1]
[0 1 0 1 1]
[0 1 0 1 1]
[0 1 0 0 1]
[0 1 0 0 1]
[0 1 0 0 1]
[0 1 0 0 1]
[0 1 0 0 1]
[0 0 0 2 1]
[0 0 0 2 1]
[0 0 0 1 1]
[0 0 0 1 1]
[0 0 0 1 1]
[0 0 0 1 1]
[0 0 0 1 1]
[0 0 0 1 1]
[0 0 0 1 1]
[0 0 0 1 1]
[0 0 0 1 1]
[0 0 0 1 1]
[0 0 0 1 1]
[0 0 0 1 1]
[0 0 0 1 1]
[0 0 0 1 1]
[0 0 0 1 1]
[0 0 0 1 1]
[0 0 0 1 1]
[0 0 0 1 1]
[0 0 0 1 1]
[0 0 0 1 1]
[0 0 0 1 1]
[0 0 0 1 1]
[0 0 0 1 1]
[0 0 0 1 1]
[0 0 0 1 1]
[0 0 0 1 1]
[0 0 0 1 1]
[0 0 0 1 1]
[ 0  1  2 13  5]
[0 1 0 1 1]
[0 1 0 0 1]
[3 1 1 5 3]
[0 0 1 3 2]
[0 0 0 1 1]
[0 0 0 1 1]
[0 0 0 1 1]
[0 1 1 0 1]
[1 0 1 0 1]
[0 0 1 1 1]
[0 0 1 1 1]
[0 0 1 1 1]
[0 0 1 1 1]
[0 0 1 1 1]
[0 0 1 1 1]
[0 0 1 1 1]
[0 0 1 1 1]
[0 0 0 2 1]
[0 0 0 2 1]
[0 0 0 2 1]
[0 0 0 2 1]
[0 0 0 2 1]
[0 0 0 2 1]
[0 0 1 0 1]
[0 0 1 0 1]
[0 0 1 0 1]
[0 0 1 0 1]
[0 0 1 0 1]
[0 0 1 0 1]
[0 0 1 0 1]
[0 0 1 0 1]
[0 0 1 0 1]
[0 0 1 0 1]
[0 0 1 0 1]
[0 0 1 0 1]
[0 0 1 0 1]
[0 0 1 0 1]
[0 0 1 0 1]
[0 0 1 0 1]
[0 0 1 0 1]
[0 0 1 0 1]
[0 0 1 0 1]
[0 0 1 0 1]
[0 0 1 0 1]
[0 0 1 0 1]
[0 0 0 2 2]
[0 0 4 3 3]
[0 0 0 1 1]
[0 0 0 1 1]
[0 0 0 1 1]
[0 0 0 1 1]
[0 0 0 1 1]
[0 0 0 1 1]
[0 0 0 1 1]
[0 0 3 2 1]
[1 2 3 5 8]
[ 0  0  2 14  5]
[0 0 1 1 1]
[0 0 0 1 2]
[0 0 0 1 2]
[0 0 0 1 2]
[2 0 1 0 1]
[0 0 1 0 1]
[0 0 1 0 1]
[0 0 0 0 2]
[0 0 0 0 2]
[0 0 0 0 2]
[0 0 0 0 2]
[0 0 0 0 2]
[0 0 0 0 2]
[0 0 0 2 1]
[0 0 0 2 1]
[0 0 1 2 2]
[ 2  8 11 34 35]
[0 1 0 1 1]
[0 0 2 2 3]
[0 0 0 2 2]
[0 0 0 3 2]
[0 0 0 2 2]
[0 0 1 2 2]
[0 0 3 3 1]
[0 0 0 7 7]
[0 0 2 0 2]
[3 0 4 4 4]
[1 2 2 7 1]
[1 0 0 1 1]
[ 0  0  0  1 11]
[0 0 0 3 8]
[0 0 1 6 6]
[ 0  3  9 25 14]
[0 0 5 3 2]
[ 0  1  2 13  5]
[0 0 0 2 1]
[0 0 0 2 1]
[0 0 0 2 1]
